18 2
300 252
0.22758 0.00930046154813 688000. 12901.4 816.767129814 12717
0.183817 0.00706668179581 555000. 11266.4 773.744616417 10927
400 336
0.318907 0.0121244184741 325000. 5280.09 362.350827179 5176
0.192898 0.00736530497697 196000. 3492.7 246.220660987 3317
500 423
0.324994 0.0132109727364 141000. 2074.75 151.53402966 2017
0.186433 0.00729289952343 80900. 1371.02 101.086723476 1219
600 474
0.397207 0.0135445632142 83800. 1262.91 95.5950269847 1214
0.228525 0.00883902152568 48200. 827.018 63.8773014127 719
750 597
0.393068 0.0129268066435 33200. 455.797 45.2047384336 414
0.226336 0.00891702655905 19100. 304.852 29.6153431756 255
1000 796
0.385926 0.0123635137916 9080. 116.105 15.4161772697 101
0.21946 0.00933409818247 5160. 84.298 10.4879423577 58
1250 1002
0.37816 0.0124104660054 2980. 35.2776 5.79410457192 34
0.209769 0.0092631404923 1650. 28.2955 4.60539364473 19
1500 1191
0.375536 0.0136655058443 1110. 13.1792 2.45324745079 14
0.206143 0.00999085219351 610. 10.8721 2.34102905845 6
1750 1416
0.336414 0.0132642706393 396. 4.56142 0.916087025205 5
0.181928 0.0100180218281 214. 4.29312 1.07916875044 0
2000 1500
0.369557 0.0154826847223 183. 2.98888 0.614119831167 3
0.198022 0.0110806296961 98. 3.0139 0.804024989891 0
2250 1683
0.326663 0.0152917769518 71.5 1.37693 0.330409254121 0
0.173284 0.0105521817622 37.9 1.44449 0.331201446206 0
2500 1888
0.262174 0.0178331949932 27.1 0.43247 0.0912440008602 0
0.139532 0.0115380062978 14.4 0.605568 0.152379395979 0
2750 1888
0.234988 0.0243686330429 12.3 0.43247 0.0912440008602 0
0.126926 0.0142069007095 6.64 0.605568 0.152379395979 0
3000 1888
0.182584 0.0293292374038 5.33 0.43247 0.0912440008602 0
0.10037 0.016436167119 2.93 0.605568 0.152379395979 0
3250 1888
0.123638 0.0329413528968 2.22 0.43247 0.0912440008602 0
0.0689172 0.018082393838 1.24 0.605568 0.152379395979 0
3500 1888
0.0768756 0.0305904175621 0.92 0.43247 0.0912440008602 0
0.0439184 0.0167276644661 0.52 0.605568 0.152379395979 0
3750 1888
0.0474308 0.0244412606201 0.40 0.43247 0.0912440008602 0
0.0277772 0.0131177193022 0.24 0.605568 0.152379395979 0
4000 1888
0.0310822 0.0175885259873 0.20 0.43247 0.0912440008602 0
0.0190787 0.00961829319909 0.121 0.605568 0.152379395979 0
