18
300 252
0.22758 0.00930046154813  688000.  12901.4 816.767129814  12717
400 336
0.318907 0.0121244184741  325000.  5280.09 362.350827179  5176
500 423
0.324994 0.0132109727364  141000.  2074.75 151.53402966  2017
600 474
0.397207 0.0135445632142  83800.  1262.91 95.5950269847  1214
750 597
0.393068 0.0129268066435  33200.  455.797 45.2047384336  414
1000 796
0.385926 0.0123635137916  9080.  116.105 15.4161772697  101
1250 1002
0.37816 0.0124104660054  2980.  35.2776 5.79410457192  34
1500 1191
0.375536 0.0136655058443  1110.  13.1792 2.45324745079  14
1750 1416
0.336414 0.0132642706393  396.  4.56142 0.916087025205  5
2000 1500
0.369557 0.0154826847223  183.  2.98888 0.614119831167  3
2250 1683
0.326663 0.0152917769518  71.5  1.37693 0.330409254121  0
2500 1888
0.262174 0.0178331949932  27.1  0.43247 0.0912440008602  0
2750 1888
0.234988 0.0243686330429  12.3  0.43247 0.0912440008602  0
3000 1888
0.182584 0.0293292374038  5.33  0.43247 0.0912440008602  0
3250 1888
0.123638 0.0329413528968  2.22  0.43247 0.0912440008602  0
3500 1888
0.0768756 0.0305904175621  0.92  0.43247 0.0912440008602  0
3750 1888
0.0474308 0.0244412606201  0.40  0.43247 0.0912440008602  0
4000 1888
0.0310822 0.0175885259873  0.20  0.43247 0.0912440008602  0
